topology: 70 7 1
in: .0004830917874396 .0000666428973666 .163934426229508 11.1111111111111 .0171821305841924 .013986013986014 .0068291942604174 .0004761904761905 .0000665730206177 .161290322580645 14.2857142857143 .0171821305841924 .0156985871271586 .0068389437319215 .000469263256687 .0000662001760925 .161290322580645 10 .0171526586620926 .017921146953405 .006855292508823 .0004625346901018 .0000662001760925 .175438596491228 12.5 .0171232876712329 .0168067226890756 .0069017570489827 .000456204379562 .0000658314845658 .181818181818182 14.2857142857143 .0171232876712329 .0164473684210526 .0070020831413585 .0004498425551057 .0000656139994029 .178571428571429 12.5 .0170648464163823 .0156985871271586 .007084444976626 .0004438526409232 .0000656139994029 .15625 14.2857142857143 .0170648464163823 .0143061516452074 .0071678221113204 .0004378283712785 .0000653979465045 .151515151515152 12.5 .0170940170940171 .0133333333333333 .007150505084555 .0004319654427646 .0000652456171257 .149253731343284 10 .0170940170940171 .0132802124833997 .0071121341435264 .0004266211604096 .0000652456171257 .142857142857143 7.69230769230769 .0170648464163823 .0131233595800525 .0070168537161528
out: .0069222066489317
