topology: 70 7 1
in: .0006435006435006 .0000684706397897 .178571428571429 9.09090909090909 .0170940170940171 .0134408602150538 .0065640833990872 .0006309148264984 .0000681414753311 .192307692307692 7.69230769230769 .0170940170940171 .0135869565217391 .0065602431183001 .0006199628022319 .0000681414753311 .2 6.25 .0170940170940171 .0135869565217391 .0065352107673509 .0006082725060827 .0000678154605687 .178571428571429 5 .0170357751277683 .0138504155124654 .0064905776353962 .0005973715651135 .0000675872043905 .166666666666667 5 .0170648464163823 .0135869565217391 .0064713224837763 .0005865102639296 .0000675872043905 .169491525423729 5.55555555555556 .0170940170940171 .0131578947368421 .0064966977856649 .0005763688760807 .0000673604796066 .169491525423729 5.55555555555556 .0170940170940171 .0147492625368732 .0065554540284327 .0005662514156285 .0000671490204637 .172413793103448 5.26315789473684 .0170648464163823 .0145137880986938 .0066301691296351 .0005564830272677 .0000671490204637 .178571428571429 5.26315789473684 .0170940170940171 .0146627565982405 .0067116210307308 .0005473453749316 .0000669388847982 .185185185185185 5.26315789473684 .0171526586620926 .0147710487444609 .0067901582122027
out: .0068224402584657
