topology: 70 7 1
in: .0010940919037199 .0000668297312108 .285714285714286 .43859649122807 .0159489633173844 .0159744408945687 .0048110679229039 .0010593220338983 .0000669904538603 .126582278481013 .505050505050505 .016 .0167224080267559 .0049200345450901 .001025641025641 .0000669904538603 .181818181818182 .5 .016025641025641 .0177304964539007 .0049971852432518 .0009950248756219 .0000671519514357 .227272727272727 .497512437810945 .0160771704180064 .0163398692810458 .0051386547796023 .000965250965251 .0000678688502338 .27027027027027 .5 .0161290322580645 .0158730158730159 .0053165997713209 .0009372071227741 .0000678688502338 .227272727272727 .552486187845304 .0161550888529887 .0142247510668563 .0055232318177666 .0009115770282589 .0000686012211017 .185185185185185 1.03092783505155 .0162074554294976 .0173611111111111 .0058038475399332 .000886524822695 .0000690798563139 .161290322580645 2.56410256410256 .0162866449511401 .0180831826401447 .0061604317659251 .0008635578583765 .0000690798563139 .15625 6.25 .0163934426229508 .0166389351081531 .0064899560250982 .0008410428931876 .0000695652173913 .15625 6.66666666666667 .0165016501650165 .0163398692810458 .0067279892153812
out: .0068824736982763
