topology: 70 7 1
in: .0006983240223464 .0000690979947762 .169491525423729 6.66666666666667 .0170357751277683 .0136054421768707 .0068727316143271 .0006839945280438 .0000687668048879 .185185185185185 8.33333333333333 .0170940170940171 .0141643059490085 .0067959256690894 .000669792364367 .0000686184027694 .175438596491228 8.33333333333333 .0170648464163823 .0148367952522255 .0067158557022857 .0006565988181221 .0000686184027694 .175438596491228 8.33333333333333 .0171526586620926 .0137931034482759 .0066572907248515 .0006435006435006 .0000684706397897 .178571428571429 9.09090909090909 .0170940170940171 .0134408602150538 .0065640833990872 .0006309148264984 .0000681414753311 .192307692307692 7.69230769230769 .0170940170940171 .0135869565217391 .0065602431183001 .0006199628022319 .0000681414753311 .2 6.25 .0170940170940171 .0135869565217391 .0065352107673509 .0006082725060827 .0000678154605687 .178571428571429 5 .0170357751277683 .0138504155124654 .0064905776353962 .0005973715651135 .0000675872043905 .166666666666667 5 .0170648464163823 .0135869565217391 .0064713224837763 .0005865102639296 .0000675872043905 .169491525423729 5.55555555555556 .0170940170940171 .0131578947368421 .0064966977856649
out: .0065554540284327
