topology: 70 7 1
in: .0005973715651135 .0000675872043905 .166666666666667 5 .0170648464163823 .0135869565217391 .0064713224837763 .0005865102639296 .0000675872043905 .169491525423729 5.55555555555556 .0170940170940171 .0131578947368421 .0064966977856649 .0005763688760807 .0000673604796066 .169491525423729 5.55555555555556 .0170940170940171 .0147492625368732 .0065554540284327 .0005662514156285 .0000671490204637 .172413793103448 5.26315789473684 .0170648464163823 .0145137880986938 .0066301691296351 .0005564830272677 .0000671490204637 .178571428571429 5.26315789473684 .0170940170940171 .0146627565982405 .0067116210307308 .0005473453749316 .0000669388847982 .185185185185185 5.26315789473684 .0171526586620926 .0147710487444609 .0067901582122027 .0005382131324004 .0000670684064211 .188679245283019 5.26315789473684 .0171821305841924 .0139664804469274 .0068224402584657 .0005296610169492 .0000670684064211 .169491525423729 5.55555555555556 .0171526586620926 .0134228187919463 .0068381171339336 .0005211047420532 .0000671984302447 .158730158730159 5.88235294117647 .0171526586620926 .0134770889487871 .0068321624013574 .0005128205128205 .0000669547954698 .15625 6.25 .0171232876712329 .0129032258064516 .006836281032787
out: .0068466871141926
