topology: 70 7 1
in: .000456204379562 .0000658314845658 .181818181818182 14.2857142857143 .0171232876712329 .0164473684210526 .0070020831413585 .0004498425551057 .0000656139994029 .178571428571429 12.5 .0170648464163823 .0156985871271586 .007084444976626 .0004438526409232 .0000656139994029 .15625 14.2857142857143 .0170648464163823 .0143061516452074 .0071678221113204 .0004378283712785 .0000653979465045 .151515151515152 12.5 .0170940170940171 .0133333333333333 .007150505084555 .0004319654427646 .0000652456171257 .149253731343284 10 .0170940170940171 .0132802124833997 .0071121341435264 .0004266211604096 .0000652456171257 .142857142857143 7.69230769230769 .0170648464163823 .0131233595800525 .0070168537161528 .0004210526315789 .0000650939957298 .138888888888889 7.14285714285714 .0170940170940171 .0130890052356021 .0069222066489317 .0004158004158004 .0000650550365609 .136986301369863 6.25 .0170940170940171 .0126103404791929 .0067939668751621 .0004105090311987 .0000650550365609 .131578947368421 6.25 .0170648464163823 .0136612021857923 .006664740753781 .0004055150040552 .0000650161239988 .140845070422535 6.25 .0170940170940171 .0138312586445367 .0065990288721925
out: .0064858725371879
