topology: 70 7 1
in: .0005564830272677 .0000671490204637 .178571428571429 5.26315789473684 .0170940170940171 .0146627565982405 .0067116210307308 .0005473453749316 .0000669388847982 .185185185185185 5.26315789473684 .0171526586620926 .0147710487444609 .0067901582122027 .0005382131324004 .0000670684064211 .188679245283019 5.26315789473684 .0171821305841924 .0139664804469274 .0068224402584657 .0005296610169492 .0000670684064211 .169491525423729 5.55555555555556 .0171526586620926 .0134228187919463 .0068381171339336 .0005211047420532 .0000671984302447 .158730158730159 5.88235294117647 .0171526586620926 .0134770889487871 .0068321624013574 .0005128205128205 .0000669547954698 .15625 6.25 .0171232876712329 .0129032258064516 .006836281032787 .0005055611729019 .0000669547954698 .163934426229508 7.14285714285714 .0171232876712329 .0148148148148148 .0068466871141926 .0004977600796416 .0000667129209585 .172413793103448 10 .0171232876712329 .0143266475644699 .0068158470772436 .0004904364884747 .0000666428973666 .169491525423729 11.1111111111111 .0171232876712329 .0134589502018843 .006811541929747 .0004830917874396 .0000666428973666 .163934426229508 11.1111111111111 .0171821305841924 .013986013986014 .0068291942604174
out: .0068389437319215
