topology: 70 7 1
in: .0005211047420532 .0000671984302447 .158730158730159 5.88235294117647 .0171526586620926 .0134770889487871 .0068321624013574 .0005128205128205 .0000669547954698 .15625 6.25 .0171232876712329 .0129032258064516 .006836281032787 .0005055611729019 .0000669547954698 .163934426229508 7.14285714285714 .0171232876712329 .0148148148148148 .0068466871141926 .0004977600796416 .0000667129209585 .172413793103448 10 .0171232876712329 .0143266475644699 .0068158470772436 .0004904364884747 .0000666428973666 .169491525423729 11.1111111111111 .0171232876712329 .0134589502018843 .006811541929747 .0004830917874396 .0000666428973666 .163934426229508 11.1111111111111 .0171821305841924 .013986013986014 .0068291942604174 .0004761904761905 .0000665730206177 .161290322580645 14.2857142857143 .0171821305841924 .0156985871271586 .0068389437319215 .000469263256687 .0000662001760925 .161290322580645 10 .0171526586620926 .017921146953405 .006855292508823 .0004625346901018 .0000662001760925 .175438596491228 12.5 .0171232876712329 .0168067226890756 .0069017570489827 .000456204379562 .0000658314845658 .181818181818182 14.2857142857143 .0171232876712329 .0164473684210526 .0070020831413585
out: .007084444976626
