topology: 70 7 1
in: .0009372071227741 .0000678688502338 .227272727272727 .552486187845304 .0161550888529887 .0142247510668563 .0055232318177666 .0009115770282589 .0000686012211017 .185185185185185 1.03092783505155 .0162074554294976 .0173611111111111 .0058038475399332 .000886524822695 .0000690798563139 .161290322580645 2.56410256410256 .0162866449511401 .0180831826401447 .0061604317659251 .0008635578583765 .0000690798563139 .15625 6.25 .0163934426229508 .0166389351081531 .0064899560250982 .0008410428931876 .0000695652173913 .15625 6.66666666666667 .0165016501650165 .0163398692810458 .0067279892153812 .0008196721311475 .0000696121904868 .169491525423729 4.54545454545455 .0165837479270315 .0177619893428064 .0068824736982763 .0008012820512821 .0000696121904868 .163934426229508 5.55555555555556 .01669449081803 .0174520069808028 .0071066364062221 .0007818608287725 .0000696592270612 .149253731343284 6.66666666666667 .0167224080267559 .0153609831029186 .0072447903571315 .0007639419404125 .0000695456236678 .123456790123457 5.55555555555556 .0167785234899329 .0145560407569141 .007292282831642 .0007462686567164 .0000695456236678 .151515151515152 4.76190476190476 .0168350168350168 .0141242937853107 .0071619581223628
out: .0070830214168593
