topology: 70 7 1
in: .0008196721311475 .0000696121904868 .169491525423729 4.54545454545455 .0165837479270315 .0177619893428064 .0068824736982763 .0008012820512821 .0000696121904868 .163934426229508 5.55555555555556 .01669449081803 .0174520069808028 .0071066364062221 .0007818608287725 .0000696592270612 .149253731343284 6.66666666666667 .0167224080267559 .0153609831029186 .0072447903571315 .0007639419404125 .0000695456236678 .123456790123457 5.55555555555556 .0167785234899329 .0145560407569141 .007292282831642 .0007462686567164 .0000695456236678 .151515151515152 4.76190476190476 .0168350168350168 .0141242937853107 .0071619581223628 .0007299270072993 .00006943239021 .166666666666667 6.25 .0168634064080944 .0151515151515152 .0070830214168593 .0007137758743754 .0000690979947762 .204081632653061 6.25 .0169204737732657 .015220700152207 .0069474142380875 .0006983240223464 .0000690979947762 .169491525423729 6.66666666666667 .0170357751277683 .0136054421768707 .0068727316143271 .0006839945280438 .0000687668048879 .185185185185185 8.33333333333333 .0170940170940171 .0141643059490085 .0067959256690894 .000669792364367 .0000686184027694 .175438596491228 8.33333333333333 .0170648464163823 .0148367952522255 .0067158557022857
out: .0066572907248515
